input/rwa/rwa_init_pop_resized.asc
ncols         46
nrows         40
xllcorner     706857.990427
yllcorner     9685274.61987
cellsize      5000
NODATA_value  -9999
-9999 -9999 -9999 -9999 -9999 -9999 -9999 -9999 -9999 -9999 -9999 -9999 -9999 -9999 -9999 -9999 -9999 -9999 -9999 -9999 -9999 -9999 -9999 -9999 -9999 -9999 -9999 -9999 -9999 -9999 -9999 -9999 -9999 -9999 -9999 354 -9999 -9999 -9999 -9999 -9999 -9999 -9999 -9999 -9999 -9999 
-9999 -9999 -9999 -9999 -9999 -9999 -9999 -9999 -9999 -9999 -9999 -9999 -9999 -9999 -9999 -9999 -9999 -9999 -9999 -9999 -9999 -9999 -9999 -9999 -9999 -9999 -9999 -9999 -9999 -9999 -9999 -9999 -9999 185 1131 291 -9999 -9999 -9999 -9999 -9999 -9999 -9999 -9999 -9999 -9999 
-9999 -9999 -9999 -9999 -9999 -9999 -9999 -9999 -9999 -9999 -9999 -9999 -9999 -9999 -9999 -9999 -9999 -9999 -9999 -9999 -9999 -9999 -9999 -9999 -9999 -9999 -9999 -9999 -9999 -9999 -9999 -9999 122 121 982 60 -9999 -9999 -9999 -9999 -9999 -9999 -9999 -9999 -9999 -9999 
-9999 -9999 -9999 -9999 -9999 -9999 -9999 -9999 -9999 -9999 -9999 -9999 -9999 -9999 -9999 -9999 -9999 -9999 -9999 -9999 -9999 -9999 -9999 -9999 -9999 -9999 -9999 -9999 -9999 -9999 -9999 -9999 195 105 474 110 77 -9999 -9999 -9999 -9999 -9999 -9999 -9999 -9999 -9999 
-9999 -9999 -9999 -9999 -9999 -9999 -9999 -9999 -9999 -9999 -9999 -9999 -9999 -9999 -9999 -9999 -9999 -9999 -9999 -9999 -9999 -9999 -9999 -9999 -9999 -9999 -9999 -9999 -9999 -9999 -9999 245 239 159 671 162 47 -9999 -9999 -9999 -9999 -9999 -9999 -9999 -9999 -9999 
-9999 -9999 -9999 -9999 -9999 -9999 -9999 -9999 -9999 -9999 -9999 -9999 -9999 -9999 -9999 -9999 -9999 -9999 -9999 -9999 -9999 -9999 -9999 -9999 -9999 -9999 -9999 -9999 -9999 400 327 252 632 193 340 59 9 4 -9999 -9999 -9999 -9999 -9999 -9999 -9999 -9999 
-9999 -9999 -9999 -9999 -9999 -9999 -9999 -9999 -9999 -9999 -9999 -9999 -9999 -9999 -9999 -9999 -9999 -9999 -9999 -9999 -9999 728 -9999 -9999 -9999 -9999 -9999 -9999 -9999 917 1002 651 301 159 187 41 19 9 -9999 -9999 -9999 -9999 -9999 -9999 -9999 -9999 
-9999 -9999 -9999 -9999 -9999 -9999 -9999 -9999 -9999 -9999 -9999 -9999 -9999 -9999 -9999 -9999 -9999 -9999 458 2852 1368 1609 884 -9999 -9999 -9999 -9999 291 663 1096 1200 1099 485 273 242 57 19 10 9 -9999 -9999 -9999 -9999 -9999 -9999 -9999 
-9999 -9999 -9999 -9999 -9999 -9999 -9999 -9999 -9999 -9999 -9999 -9999 -9999 -9999 -9999 844 956 946 2246 2108 485 1633 1271 -9999 -9999 -9999 633 718 773 1051 1054 1185 974 163 505 161 37 13 10 13 9 -9999 -9999 -9999 -9999 -9999 
-9999 -9999 -9999 -9999 -9999 -9999 -9999 -9999 -9999 -9999 -9999 -9999 -9999 -9999 849 1594 2248 1870 2257 1696 339 1492 1087 -9999 828 1521 1229 940 562 870 971 1225 749 86 517 159 73 17 13 18 7 8 -9999 -9999 -9999 -9999 
-9999 -9999 -9999 -9999 -9999 -9999 -9999 -9999 -9999 -9999 -9999 1114 70 73 634 2128 2073 5023 2045 1308 1259 1602 1174 953 1701 1780 1298 1169 597 784 857 809 76 37 255 29 14 11 13 17 10 8 -9999 -9999 -9999 -9999 
-9999 -9999 -9999 -9999 -9999 -9999 -9999 -9999 -9999 -9999 -9999 2272 1151 525 1462 2542 1618 2169 2466 1985 1842 1326 1270 926 1267 1676 2297 1131 818 763 1140 960 391 275 118 30 20 17 15 41 29 15 6 -9999 -9999 -9999 
-9999 -9999 -9999 -9999 -9999 -9999 -9999 -9999 -9999 -9999 1756 1926 2445 1962 2356 1684 1312 1723 1808 1612 1747 1397 1360 1543 1664 1673 2426 2660 921 707 990 1016 841 654 554 235 203 55 19 20 28 15 15 -9999 -9999 -9999 
-9999 -9999 -9999 -9999 -9999 -9999 -9999 -9999 -9999 1356 1990 2182 2279 1649 2031 1849 1563 1656 1541 1313 1712 1431 1327 1619 1738 1504 1337 1138 1244 914 792 722 806 851 721 660 213 74 10 8 11 9 12 12 -9999 -9999 
-9999 -9999 -9999 -9999 -9999 -9999 -9999 -9999 -9999 4494 2921 1349 572 623 1705 1719 1300 1778 1411 1272 1262 1184 1421 1477 1548 1048 1113 990 1081 1029 789 997 1009 787 983 863 217 52 9 5 11 5 11 10 -9999 -9999 
-9999 -9999 -9999 -9999 -9999 -9999 -9999 -9999 -9999 2840 2251 1713 241 254 1182 1898 1621 1672 1012 1059 767 1030 1329 1393 1230 980 1074 843 994 1227 850 1241 1176 1014 743 753 536 110 38 13 10 11 8 9 -9999 -9999 
-9999 -9999 -9999 -9999 -9999 -9999 -9999 -9999 -9999 1964 1827 772 93 366 1047 1551 1798 1329 1331 845 672 781 1038 1045 881 954 1538 1098 925 1073 1046 1253 1153 1053 1381 1142 687 181 240 23 15 13 11 11 -9999 -9999 
-9999 -9999 -9999 -9999 -9999 -9999 -9999 -9999 -9999 -9999 1506 587 609 408 1481 1472 1518 1433 1313 855 1052 930 1217 1069 865 986 1630 1089 943 875 1039 946 981 1061 1010 860 1179 545 414 22 40 17 6 1 -9999 -9999 
-9999 -9999 -9999 -9999 -9999 -9999 -9999 -9999 -9999 -9999 1826 1685 752 584 1129 1153 1234 1380 1071 803 959 887 839 1249 1050 1195 1689 1080 807 746 1031 885 764 786 760 854 873 577 381 53 18 22 4 1 -9999 -9999 
-9999 -9999 -9999 -9999 -9999 -9999 -9999 -9999 -9999 843 1289 1549 852 1075 947 1139 1332 1389 1108 1001 891 1305 1240 1934 1241 1009 7340 4417 2206 745 928 827 788 956 1156 2262 1552 733 700 447 281 11 11 -9999 -9999 -9999 
-9999 -9999 -9999 -9999 -9999 -9999 -9999 -9999 -9999 -9999 621 1127 847 1129 648 1129 1231 1242 1111 884 1124 1096 1124 1605 1557 1378 22107 16276 7171 2338 1788 753 721 809 990 1832 939 899 486 508 251 52 216 23 -9999 -9999 
-9999 -9999 -9999 -9999 -9999 -9999 -9999 -9999 -9999 -9999 -9999 1239 801 887 360 966 1103 1008 1146 880 1369 1126 1117 1295 866 720 1858 2487 1059 1301 1233 935 879 722 576 808 669 1119 639 610 296 201 119 53 -9999 -9999 
-9999 -9999 -9999 -9999 -9999 -9999 -9999 -9999 -9999 -9999 -9999 794 1952 912 1028 912 1002 947 1167 1989 2784 1550 1141 935 947 524 668 690 559 573 802 865 773 863 911 717 883 936 563 553 576 297 67 98 61 -9999 
-9999 -9999 -9999 -9999 -9999 -9999 -9999 -9999 -9999 746 804 964 1326 1116 870 842 921 1013 887 2714 2341 1198 1166 806 1251 533 434 309 794 783 699 789 795 626 844 793 730 1081 708 771 974 660 412 324 217 -9999 
-9999 -9999 -9999 -9999 -9999 -9999 -9999 -9999 -9999 1036 1893 1266 652 748 1041 986 870 1120 1041 1518 1388 1060 1056 853 896 443 326 1002 509 802 801 413 389 592 1066 816 862 1735 1106 528 487 510 383 393 248 -9999 
-9999 -9999 -9999 -9999 -9999 -9999 -9999 -9999 814 991 330 880 900 776 745 950 837 994 986 1097 1376 1145 779 1112 890 795 629 503 956 1271 868 338 654 721 676 796 841 1041 972 599 423 307 425 699 -9999 -9999 
-9999 -9999 -9999 -9999 -9999 -9999 -9999 738 1094 724 738 1005 934 624 724 675 854 1280 1097 1167 2255 1148 934 895 882 829 893 803 461 512 726 368 399 717 973 534 695 890 938 803 580 403 373 794 -9999 -9999 
-9999 -9999 -9999 -9999 -9999 -9999 482 1441 1636 462 310 1144 949 678 533 716 770 884 1002 1077 1365 1162 887 1126 745 925 1009 916 468 15 303 547 389 654 722 547 619 758 1121 821 938 723 797 405 -9999 -9999 
-9999 -9999 -9999 1474 -9999 1182 1756 1198 1810 197 24 393 1373 897 749 561 708 735 904 1031 1554 904 745 961 553 1039 1161 954 556 86 342 232 81 185 -9999 290 993 838 825 561 506 728 737 559 -9999 -9999 
-9999 -9999 -9999 2157 -9999 1294 1084 958 621 55 15 361 1401 692 483 722 779 717 748 2325 1105 734 661 859 -9999 -9999 347 833 448 25 -9999 233 1 -9999 -9999 -9999 612 788 684 683 333 -9999 785 -9999 -9999 -9999 
-9999 2286 2033 1705 1115 643 516 989 511 34 25 227 1229 936 643 845 967 1049 902 610 880 669 750 787 271 -9999 -9999 358 611 102 -9999 -9999 -9999 -9999 -9999 -9999 -9999 211 94 -9999 -9999 -9999 -9999 -9999 -9999 -9999 
-9999 2942 1401 1161 378 210 25 330 7 50 59 174 886 1374 1024 1690 1547 1145 1082 1168 1070 914 849 954 587 -9999 -9999 -9999 -9999 -9999 -9999 -9999 -9999 -9999 -9999 -9999 -9999 -9999 -9999 -9999 -9999 -9999 -9999 -9999 -9999 -9999 
-9999 1358 1116 2004 911 26 28 27 26 31 56 83 798 1500 1134 1101 1400 1314 1359 1100 1136 989 1063 813 -9999 -9999 -9999 -9999 -9999 -9999 -9999 -9999 -9999 -9999 -9999 -9999 -9999 -9999 -9999 -9999 -9999 -9999 -9999 -9999 -9999 -9999 
736 1022 1309 2267 1518 473 209 33 31 32 67 64 264 1097 933 727 731 862 1288 1788 1979 926 952 492 -9999 -9999 -9999 -9999 -9999 -9999 -9999 -9999 -9999 -9999 -9999 -9999 -9999 -9999 -9999 -9999 -9999 -9999 -9999 -9999 -9999 -9999 
-9999 1318 1613 1751 957 395 484 942 288 46 59 48 199 1042 892 574 375 751 1403 3804 1978 1084 832 589 -9999 -9999 -9999 -9999 -9999 -9999 -9999 -9999 -9999 -9999 -9999 -9999 -9999 -9999 -9999 -9999 -9999 -9999 -9999 -9999 -9999 -9999 
-9999 1555 1769 1608 -9999 -9999 -9999 -9999 -9999 -9999 51 46 528 850 461 633 772 944 918 2883 1464 662 937 527 -9999 -9999 -9999 -9999 -9999 -9999 -9999 -9999 -9999 -9999 -9999 -9999 -9999 -9999 -9999 -9999 -9999 -9999 -9999 -9999 -9999 -9999 
-9999 -9999 488 2495 -9999 -9999 -9999 -9999 -9999 -9999 13 59 733 1022 459 699 837 883 985 1382 1212 850 1410 418 -9999 -9999 -9999 -9999 -9999 -9999 -9999 -9999 -9999 -9999 -9999 -9999 -9999 -9999 -9999 -9999 -9999 -9999 -9999 -9999 -9999 -9999 
-9999 -9999 -9999 -9999 -9999 -9999 -9999 -9999 -9999 -9999 -9999 72 513 1052 525 839 876 1089 871 1300 1075 1259 1427 -9999 -9999 -9999 -9999 -9999 -9999 -9999 -9999 -9999 -9999 -9999 -9999 -9999 -9999 -9999 -9999 -9999 -9999 -9999 -9999 -9999 -9999 -9999 
-9999 -9999 -9999 -9999 -9999 -9999 -9999 -9999 -9999 -9999 -9999 49 340 1077 920 939 1403 1006 1103 1547 -9999 439 -9999 -9999 -9999 -9999 -9999 -9999 -9999 -9999 -9999 -9999 -9999 -9999 -9999 -9999 -9999 -9999 -9999 -9999 -9999 -9999 -9999 -9999 -9999 -9999 
-9999 -9999 -9999 -9999 -9999 -9999 -9999 -9999 -9999 -9999 -9999 23 12 -9999 609 -9999 -9999 -9999 -9999 -9999 -9999 -9999 -9999 -9999 -9999 -9999 -9999 -9999 -9999 -9999 -9999 -9999 -9999 -9999 -9999 -9999 -9999 -9999 -9999 -9999 -9999 -9999 -9999 -9999 -9999 -9999 
