input/rwa/rwa_init_pop_resized.asc
ncols         46
nrows         40
xllcorner     706857.990427
yllcorner     9685274.61987
cellsize      5000
NODATA_value  -9999
-9999 -9999 -9999 -9999 -9999 -9999 -9999 -9999 -9999 -9999 -9999 -9999 -9999 -9999 -9999 -9999 -9999 -9999 -9999 -9999 -9999 -9999 -9999 -9999 -9999 -9999 -9999 -9999 -9999 -9999 -9999 -9999 -9999 -9999 -9999 1774 -9999 -9999 -9999 -9999 -9999 -9999 -9999 -9999 -9999 -9999 
-9999 -9999 -9999 -9999 -9999 -9999 -9999 -9999 -9999 -9999 -9999 -9999 -9999 -9999 -9999 -9999 -9999 -9999 -9999 -9999 -9999 -9999 -9999 -9999 -9999 -9999 -9999 -9999 -9999 -9999 -9999 -9999 -9999 926 5655 1459 -9999 -9999 -9999 -9999 -9999 -9999 -9999 -9999 -9999 -9999 
-9999 -9999 -9999 -9999 -9999 -9999 -9999 -9999 -9999 -9999 -9999 -9999 -9999 -9999 -9999 -9999 -9999 -9999 -9999 -9999 -9999 -9999 -9999 -9999 -9999 -9999 -9999 -9999 -9999 -9999 -9999 -9999 613 607 4910 301 -9999 -9999 -9999 -9999 -9999 -9999 -9999 -9999 -9999 -9999 
-9999 -9999 -9999 -9999 -9999 -9999 -9999 -9999 -9999 -9999 -9999 -9999 -9999 -9999 -9999 -9999 -9999 -9999 -9999 -9999 -9999 -9999 -9999 -9999 -9999 -9999 -9999 -9999 -9999 -9999 -9999 -9999 978 528 2372 554 387 -9999 -9999 -9999 -9999 -9999 -9999 -9999 -9999 -9999 
-9999 -9999 -9999 -9999 -9999 -9999 -9999 -9999 -9999 -9999 -9999 -9999 -9999 -9999 -9999 -9999 -9999 -9999 -9999 -9999 -9999 -9999 -9999 -9999 -9999 -9999 -9999 -9999 -9999 -9999 -9999 1225 1196 797 3356 811 237 -9999 -9999 -9999 -9999 -9999 -9999 -9999 -9999 -9999 
-9999 -9999 -9999 -9999 -9999 -9999 -9999 -9999 -9999 -9999 -9999 -9999 -9999 -9999 -9999 -9999 -9999 -9999 -9999 -9999 -9999 -9999 -9999 -9999 -9999 -9999 -9999 -9999 -9999 2004 1637 1260 3160 969 1702 295 46 20 -9999 -9999 -9999 -9999 -9999 -9999 -9999 -9999 
-9999 -9999 -9999 -9999 -9999 -9999 -9999 -9999 -9999 -9999 -9999 -9999 -9999 -9999 -9999 -9999 -9999 -9999 -9999 -9999 -9999 3643 -9999 -9999 -9999 -9999 -9999 -9999 -9999 4586 5010 3256 1506 797 936 209 97 49 -9999 -9999 -9999 -9999 -9999 -9999 -9999 -9999 
-9999 -9999 -9999 -9999 -9999 -9999 -9999 -9999 -9999 -9999 -9999 -9999 -9999 -9999 -9999 -9999 -9999 -9999 2294 14262 6840 8047 4423 -9999 -9999 -9999 -9999 1456 3319 5481 6001 5497 2425 1366 1210 285 95 50 48 -9999 -9999 -9999 -9999 -9999 -9999 -9999 
-9999 -9999 -9999 -9999 -9999 -9999 -9999 -9999 -9999 -9999 -9999 -9999 -9999 -9999 -9999 4222 4780 4733 11232 10540 2429 8166 6355 -9999 -9999 -9999 3167 3591 3866 5258 5272 5926 4873 819 2529 807 186 69 51 67 48 -9999 -9999 -9999 -9999 -9999 
-9999 -9999 -9999 -9999 -9999 -9999 -9999 -9999 -9999 -9999 -9999 -9999 -9999 -9999 4245 7971 11242 9353 11289 8482 1697 7464 5439 -9999 4144 7608 6145 4704 2814 4353 4858 6129 3748 430 2588 799 367 89 68 94 37 44 -9999 -9999 -9999 -9999 
-9999 -9999 -9999 -9999 -9999 -9999 -9999 -9999 -9999 -9999 -9999 5570 351 366 3174 10644 10368 25116 10228 6544 6296 8012 5871 4769 8506 8900 6493 5846 2989 3920 4287 4045 381 186 1276 145 73 57 66 87 51 41 -9999 -9999 -9999 -9999 
-9999 -9999 -9999 -9999 -9999 -9999 -9999 -9999 -9999 -9999 -9999 11362 5758 2629 7314 12714 8093 10846 12331 9928 9214 6633 6354 4632 6339 8380 11488 5659 4092 3817 5701 4804 1956 1376 594 153 103 87 79 205 149 79 34 -9999 -9999 -9999 
-9999 -9999 -9999 -9999 -9999 -9999 -9999 -9999 -9999 -9999 8781 9633 12228 9813 11781 8421 6561 8617 9040 8064 8737 6985 6801 7715 8323 8368 12132 13302 4606 3539 4953 5080 4207 3274 2773 1176 1019 279 97 101 144 75 75 -9999 -9999 -9999 
-9999 -9999 -9999 -9999 -9999 -9999 -9999 -9999 -9999 6782 9954 10913 11398 8249 10159 9249 7816 8284 7709 6568 8563 7155 6635 8095 8691 7520 6688 5691 6224 4573 3961 3611 4034 4256 3607 3300 1069 372 53 42 59 49 64 64 -9999 -9999 
-9999 -9999 -9999 -9999 -9999 -9999 -9999 -9999 -9999 22474 14606 6748 2860 3117 8527 8598 6502 8893 7057 6364 6314 5924 7109 7387 7742 5240 5565 4952 5405 5145 3947 4985 5045 3939 4915 4317 1089 263 45 27 57 27 55 52 -9999 -9999 
-9999 -9999 -9999 -9999 -9999 -9999 -9999 -9999 -9999 14201 11257 8568 1209 1273 5912 9492 8108 8361 5063 5299 3836 5150 6645 6967 6150 4900 5373 4217 4974 6135 4252 6205 5884 5071 3718 3765 2680 554 193 67 51 56 44 47 -9999 -9999 
-9999 -9999 -9999 -9999 -9999 -9999 -9999 -9999 -9999 9822 9137 3863 468 1833 5239 7755 8990 6645 6659 4229 3361 3906 5194 5228 4409 4770 7693 5493 4625 5369 5230 6267 5765 5269 6908 5712 3437 908 1200 116 79 66 57 58 -9999 -9999 
-9999 -9999 -9999 -9999 -9999 -9999 -9999 -9999 -9999 -9999 7533 2936 3046 2040 7405 7364 7594 7167 6569 4277 5260 4650 6089 5347 4328 4934 8151 5449 4716 4375 5195 4732 4908 5308 5053 4301 5895 2726 2071 112 204 87 34 5 -9999 -9999 
-9999 -9999 -9999 -9999 -9999 -9999 -9999 -9999 -9999 -9999 9134 8426 3760 2920 5649 5768 6172 6903 5359 4018 4798 4436 4198 6246 5252 5978 8448 5402 4039 3730 5155 4426 3822 3933 3801 4271 4369 2886 1906 265 91 113 24 5 -9999 -9999 
-9999 -9999 -9999 -9999 -9999 -9999 -9999 -9999 -9999 4218 6448 7745 4262 5376 4737 5695 6663 6949 5543 5009 4456 6526 6201 9673 6208 5049 36700 22087 11032 3726 4641 4138 3940 4783 5782 11314 7760 3666 3500 2236 1409 57 57 -9999 -9999 -9999 
-9999 -9999 -9999 -9999 -9999 -9999 -9999 -9999 -9999 -9999 3109 5635 4237 5645 3244 5649 6155 6210 5556 4422 5620 5484 5620 8028 7787 6890 110539 81383 35855 11692 8942 3765 3606 4047 4952 9162 4695 4496 2433 2540 1256 261 1083 119 -9999 -9999 
-9999 -9999 -9999 -9999 -9999 -9999 -9999 -9999 -9999 -9999 -9999 6199 4005 4435 1800 4831 5518 5043 5733 4403 6845 5634 5588 6476 4331 3600 9293 12435 5295 6506 6169 4676 4395 3613 2881 4040 3347 5598 3198 3052 1484 1005 595 268 -9999 -9999 
-9999 -9999 -9999 -9999 -9999 -9999 -9999 -9999 -9999 -9999 -9999 3972 9763 4561 5144 4563 5011 4739 5838 9947 13920 7752 5707 4675 4739 2624 3342 3450 2798 2867 4013 4326 3868 4318 4559 3585 4418 4684 2815 2766 2884 1488 335 493 307 -9999 
-9999 -9999 -9999 -9999 -9999 -9999 -9999 -9999 -9999 3734 4023 4824 6633 5580 4351 4211 4607 5067 4435 13573 11708 5993 5834 4032 6259 2669 2173 1547 3973 3917 3496 3948 3978 3131 4223 3969 3653 5409 3540 3857 4871 3301 2062 1623 1086 -9999 
-9999 -9999 -9999 -9999 -9999 -9999 -9999 -9999 -9999 5180 9468 6330 3262 3740 5207 4932 4351 5601 5209 7590 6941 5304 5281 4265 4480 2219 1630 5013 2549 4012 4009 2065 1947 2961 5330 4081 4311 8675 5531 2642 2437 2554 1916 1965 1240 -9999 
-9999 -9999 -9999 -9999 -9999 -9999 -9999 -9999 4074 4956 1653 4402 4503 3880 3725 4752 4188 4971 4934 5487 6881 5726 3898 5560 4452 3978 3149 2515 4781 6357 4344 1694 3272 3609 3382 3984 4208 5209 4860 2996 2115 1538 2125 3496 -9999 -9999 
-9999 -9999 -9999 -9999 -9999 -9999 -9999 3690 5472 3620 3691 5025 4671 3122 3623 3379 4272 6402 5486 5839 11275 5740 4674 4476 4410 4149 4465 4015 2309 2562 3634 1844 1996 3586 4865 2671 3475 4452 4692 4015 2900 2017 1868 3972 -9999 -9999 
-9999 -9999 -9999 -9999 -9999 -9999 2414 7206 8180 2311 1554 5722 4749 3391 2666 3581 3853 4420 5010 5388 6828 5812 4438 5633 3725 4626 5046 4581 2340 76 1519 2736 1949 3270 3610 2739 3096 3790 5608 4106 4691 3616 3989 2026 -9999 -9999 
-9999 -9999 -9999 7371 -9999 5913 8782 5990 9051 989 121 1969 6869 4485 3745 2809 3542 3678 4523 5159 7774 4524 3729 4809 2768 5196 5808 4771 2782 432 1711 1163 407 925 -9999 1454 4966 4190 4129 2808 2534 3641 3688 2798 -9999 -9999 
-9999 -9999 -9999 10788 -9999 6470 5420 4791 3106 275 79 1805 7009 3463 2417 3612 3896 3589 3742 11628 5525 3671 3306 4299 -9999 -9999 1739 4168 2240 129 -9999 1167 5 -9999 -9999 -9999 3062 3940 3423 3416 1668 -9999 3929 -9999 -9999 -9999 
-9999 11432 10165 8529 5575 3218 2584 4947 2557 171 128 1138 6145 4683 3217 4227 4839 5248 4510 3050 4400 3347 3751 3935 1356 -9999 -9999 1794 3057 510 -9999 -9999 -9999 -9999 -9999 -9999 -9999 1058 474 -9999 -9999 -9999 -9999 -9999 -9999 -9999 
-9999 14711 7005 5806 1891 1052 129 1654 36 252 299 870 4433 6873 5122 8450 7737 5728 5411 5841 5352 4571 4245 4773 2939 -9999 -9999 -9999 -9999 -9999 -9999 -9999 -9999 -9999 -9999 -9999 -9999 -9999 -9999 -9999 -9999 -9999 -9999 -9999 -9999 -9999 
-9999 6792 5583 10022 4556 130 140 137 131 158 282 418 3992 7503 5670 5509 7002 6570 6798 5502 5682 4946 5316 4065 -9999 -9999 -9999 -9999 -9999 -9999 -9999 -9999 -9999 -9999 -9999 -9999 -9999 -9999 -9999 -9999 -9999 -9999 -9999 -9999 -9999 -9999 
3683 5110 6546 11338 7593 2367 1046 168 156 163 336 320 1322 5486 4665 3637 3655 4310 6441 8941 9897 4631 4760 2464 -9999 -9999 -9999 -9999 -9999 -9999 -9999 -9999 -9999 -9999 -9999 -9999 -9999 -9999 -9999 -9999 -9999 -9999 -9999 -9999 -9999 -9999 
-9999 6593 8067 8759 4786 1977 2423 4711 1444 230 299 243 995 5211 4460 2872 1875 3755 7019 19023 9891 5422 4164 2949 -9999 -9999 -9999 -9999 -9999 -9999 -9999 -9999 -9999 -9999 -9999 -9999 -9999 -9999 -9999 -9999 -9999 -9999 -9999 -9999 -9999 -9999 
-9999 7777 8846 8044 -9999 -9999 -9999 -9999 -9999 -9999 257 233 2642 4250 2308 3166 3862 4722 4591 14418 7323 3310 4685 2639 -9999 -9999 -9999 -9999 -9999 -9999 -9999 -9999 -9999 -9999 -9999 -9999 -9999 -9999 -9999 -9999 -9999 -9999 -9999 -9999 -9999 -9999 
-9999 -9999 2440 12478 -9999 -9999 -9999 -9999 -9999 -9999 65 297 3666 5113 2295 3497 4185 4418 4927 6913 6062 4251 7054 2092 -9999 -9999 -9999 -9999 -9999 -9999 -9999 -9999 -9999 -9999 -9999 -9999 -9999 -9999 -9999 -9999 -9999 -9999 -9999 -9999 -9999 -9999 
-9999 -9999 -9999 -9999 -9999 -9999 -9999 -9999 -9999 -9999 -9999 363 2568 5262 2629 4195 4383 5445 4358 6504 5376 6298 7136 -9999 -9999 -9999 -9999 -9999 -9999 -9999 -9999 -9999 -9999 -9999 -9999 -9999 -9999 -9999 -9999 -9999 -9999 -9999 -9999 -9999 -9999 -9999 
-9999 -9999 -9999 -9999 -9999 -9999 -9999 -9999 -9999 -9999 -9999 248 1700 5386 4604 4696 7015 5031 5518 7737 -9999 2197 -9999 -9999 -9999 -9999 -9999 -9999 -9999 -9999 -9999 -9999 -9999 -9999 -9999 -9999 -9999 -9999 -9999 -9999 -9999 -9999 -9999 -9999 -9999 -9999 
-9999 -9999 -9999 -9999 -9999 -9999 -9999 -9999 -9999 -9999 -9999 119 62 -9999 3049 -9999 -9999 -9999 -9999 -9999 -9999 -9999 -9999 -9999 -9999 -9999 -9999 -9999 -9999 -9999 -9999 -9999 -9999 -9999 -9999 -9999 -9999 -9999 -9999 -9999 -9999 -9999 -9999 -9999 -9999 -9999 
